81540348
81412227
81240831
80125979
80147908
81092768
81092766
80032842
80178940
81232451
81262869
80141173
81409062
81382059
81568624
81240725
80196613
80067930
80172819
81464765
81033429
80104316
80011532
80121844
80135164
81382060
70303426
70084788
80210932
60023644
80213148
60000880
60034573
81409270
70269488
81409454
81245964
81062369
80038297
81409341
81486147
70208107
80232740
70093699
70135879
81408961
60033311
80045922
80178280
80130625
81001887
81409463
80095197
81168904
80209485
81173970
80134885
60024922
18958127
81050039
81294142
80012893
81316256
81219821
60021793
81409046
80176715
81094801
70044867
81068804
81002574
80193514
81148811
81248435
81314321
81382080
81232391
81409039
81424705
80107084
81382081
81382089
81409126
81041391
81304985
81221170
70295562
70257837
81434660
80164866
81409291
81327369
70254949
80164032
81409629
70026390
81216478
81192884
80202808
81168282
81427482
81409443
80042368
81183451
81327370
80115133
81382096
70271479
80057750
70229045
81409513
81354556
70254944
215318?t
70295571
81043668
80190283
80014426
81409044
81450005
70294663
81005205
80993647
81382203
80038420
70263889
81095482
70254951
80170830
70155777
81115160
81409295
70077557
81107362
81267965
235527?t
81495715
70261058
81206929
81227759
60021103
81005206
81252029
70111943
60001803
60001801
80168189
81033107
81409110
81260949
81409181
80232502
70120160
81409292
60031365
81149211
80226923
81230915
81409077
70261050
80237870
80231903
81080637
80149593
81023618
80061900
81409297
80179070
81149214
81001991
81522188
80097349
70077552
80063956
70115628
70189308
70271193
80081155
81488776
80113589
80096984
81409298
81155726
80189631
70060009
81130130
70057541
70213468
60000861
80013871
81024100
80057693
81323980
81409218
81313833
81522177
70159317
81450071
81043345
80148967
80227304
81259382
81314328
81387867
81005207
81409305
70254960
81409100
81409301
60036256
70299747
60003410
81192885
81468314
81409045
81039381
81002908
81015566
81382062
81313522
81343009
81382175
81073593
81259350
81110498
81191856
80239629
80015798
80131621
81088080
81382161
80158661
81095126
81248111
81337079
80206300
70112729
80195964
70124653
80158148
70109680
81405356
81050943
70124804
81409306
81409058
70139384
70231922
1077115?
81238721
81001338
81018635
81046394
81415852
81185548
80092885
70216227
81237751
81154455
81382140
70254978
81317135
80194671
80101552
80104420
81409071
81409311
80152899
80117445
80240319
81409226
265929?t
81568307
70237069
80079468
81082007
81034185
81440982
81209142
81408991
80168034
80219704
80097321
81277552
81066244
21302357
60023608
80091658
81418143
81270656
70178301
81034865
81040362
81144457
81345777
80104648
80204117
80204118
80205231
80204119
81044299
80025409
70055721
81054409
81045477
81312798
70230764
70042692
81002813
81152992
60029167
70153554
81168906
70141587
81287254
81112446
80186796
70128387
80005453
70119425
81382066
80074933
80103282
70254945
81246528
81246529
80192815
81136524
80203522
81016193
70219525
80144803
81265968
81409009
70108777
80244455
81002685
70217908
70070022
80188579
80158583
80044545
80208104
80216302
80994937
81122487
70060010
81409084
80211622
292876?t
293204?t
70153555
70271172
70166234
80195367
81011030
80098475
81157589
80170312
80204923
80999013
70123542
80164867
80164868
80061797
70114977
81273559
81232387
81382076
80243600
60034879
70098359
81382191
80189853
80145592
81177341
80243541
81092120
70215452
81522173
80015280
80141253
80141254
80123551
70228010
60031268
81158472
81285390
80204447
80202829
80075312
81405382
80221584
80182411
80196789
80244682
81165134
81382165
80202275
81409327
81382135
80999751
70077720
81409143
81078367
81278718
81409315
81409323
80988062
81192890
80013273
81382074
81382125
80996851
81106901
80115466
81409328
80217733
80148070
70242945
80997140
80151419
81409335
81354464
81031582
80198645
81171201
80117746
81409135
81298682
70126682
81257400
81155081
81156323
81409069
81409333
80994899
80173485
81013990
81045479
81270289
70275753
80131563
81409439
70110903
70154929
80090371
70043308
80153237
81408995
80176322
70301281
80124099
80128245
81326710
81029875
81282791
80992672
81193004
81149201
81409451
81446615
699257?t
70103758
80119234
81001990
81409194
70118238
81177110
70243341
81115400
81244369
81043365
81409107
81343342
80987464
81049886
80149064
81409343
1152469?
80010621
81029150
80190180
81004276
81113089
80143362
70038946
80171678
81409089
80174220
80152442
80222787
81206890
80240798
80990343
81387067
81064867
60031203
81441755
80117533
80164869
80232894
81409467
81108479
80198478
81146011
80177400
80232891
70184053
81227142
81409360
70270776
81332733
70120336
81021977
70189048
70167073
81232417
70243460
81297470
80161216
80994695
81036293
80147760
81382067
80101827
80010613
80118916
80142316
81271335
80218111
80144804
70297085
70115629
70264803
81409452
80245601
81441756
81244362
70066769
70100378
60026118
81409357
60003242
80200573
80168188
80094453
81003432
81427795
81034010
70087531
81262375
81435414
81409352
80109296
20282991
81005202
81018120
70010797
80169498
70080039
80045662
81097741
81522166
81074015
81323628
81409363
80188580
81176968
80993095
80221692
81026186
60036237
80115455
80082739
80013872
80070182
81227923
81409364
81011569
81294345
81024041
81311800
80116761
80203094
81382152
81409048
80155812
70240516
80997361
81522183
81409133
81168900
80096955
80190588
80207371
70019004
80195963
81457059
80131558
81194641
81328723
70114342
80220009
80097725
80095232
81409711
81409090
70167067
80244123
80184100
60026122
80127558
80114075
81453003
80119311
80048224
81519220
81284341
70241757
81409366
81409557
80134438
80134435
81409176
70052697
81368729
81209537
81409370
80153462
81247245
81409371
70019508
80061226
80093106
81233998
81270166
81409374
81108677
81404845
81478611
81522168
80114804
81045467
80049873
80033772
80988518
70016768
70102780
81295017
60036064
70167068
81447496
80058397
80999009
70306646
80168161
81227758
81001496
80076160
81005044
70271179
81149210
81015153
80039717
81409379
80126449
81457038
70297819
70130481
81206000
81409121
81446267
81045635
81043540
81043541
80189630
81460821
70160299
81074065
81388078
80062033
80189708
80217229
81318514
80166185
81045557
1151375?
80232330
60026123
70217909
319867?t
70076946
80216393
80103818
81416534
80119177
70115619
17671916
81409017
81165325
70063588
81441772
81045891
81382147
80158042
80122759
81332175
81478916
81409380
485218?t
81439267
80108984
81408968
80134330
11819775
80190535
60028694
80066073
81409606
81409389
81409387
437266?t
80238203
81382079
70296847
81423086
80165850
81043741
81409049
70045850
80990663
81323667
81035250
70232045
80990336
80234465
81409718
81084856
81408945
81559065
81238641
60021525
80057585
81266221
81444156
445386?t
81441776
81284247
80233703
70113005
81409394
70293461
80115031
81519575
70230640
81409405
81337210
80233020
81006781
81409354
80211995
80164864
80182014
81285942
81079586
81204624
81446625
70041057
81232455
80152625
81232411
70059026
70224999
81409409
81252357
1151721?
80244681
81002195
70095265
81175170
81451264
81199278
81403506
80202902
81244365
81212831
81120982
81004797
80244457
81272421
328942?t
70305899
80026431
81100765
70295183
81170086
70109893
81046957
81055026
81046958
81232425
80223677
80068117
70189289
81189912
81409038
81039410
80115118
80192186
70296219
81139775
80992039
81424320
81447229
234365?t
81409410
60002088
80170278
17517355
80991158
80018689
81067756
81392185
81409362
80233511
81010212
80998427
81156325
81566697
70299286
81408976
81316559
467895?t
80023014
80232501
81409415
81409412
81028404
81382196
81076749
80103311
80178974
81078819
81387839
70241340
81271525
81274959
81136406
81071970
81137484
60031255
80206910
80121387
81409414
70240499
70251536
81354431
81306298
70286005
80210691
80131615
81277950
81409456
81143771
70160307
81046937
81349232
81143068
81409599
80239565
70273614
70237091
80993489
81159137
80063889
81321986
80131280
80244088
81033473
80216928
80046309
81408956
81005283
81005220
80023689
80094960
81409130
81409098
81277539
80236421
80113129
80106307
81025946
70264796
80115135
80999781
81382091
80177300
81409216
81409059
80227556
81308350
81233996
80987561
81233995
81149206
70140907
81169358
81399559
81277550
81045460
80133259
80134526
81325689
81334749
81334750
81540244
80994878
80216844
81248114
80038298
80134500
70000113
81409004
81382094
26004747
81278714
81046147
80202874
81409312
81409093
81329041
80171659
70268209
81026327
80187228
80991403
80240904
80099083
81405851
80081955
80234491
70254948
70243453
81450779
80015343
81409427
81409457
81382100
80115102
81409043
81289069
80223050
70232075
60000724
80132961
81520019
81476857
70028902
70259406
80223997
81382184
81409442
80085439
70025016
80153461
81058434
81001413
81001412
80080158
81438157
523650?t
60024997
70043945
81306350
81382092
80990348
81002884
70278990
81068916
80223731
80168234
81183477
81342028
81075519
81035279
80038440
80196586
70181734
81048780
81157840
81151880
81151877
81151878
80169617
70170277
60021787
80149259
81409053
80127519
81361117
81171871
81018181
80057827
80117263
80216541
70105560
80185871
81457242
80114666
81306156
70261364
80118280
70044594
70105720
81088083
80080514
70068525
81029777
81351075
81294132
80016306
70275599
81078393
80198508
80103425
81290388
81409148
81382167
81409008
80010614
81409325
81409391
81144913
81409313
81012130
81012822
81009671
81212484
81092143
70263890
81409047
21477429
81058723
80174367
70167088
80241136
81021357
81021358
81021356
81064382
81021355
81162089
80082947
80084088
11819467
80180373
80180376
80198623
80988262
81408993
70100401
70079249
80998967
80191344
80163263
70295695
81382090
81031181
80009248
80220426
60000577
81172793
81013585
80097221
81049949
80196277
81197050
81409050
81382181
81406326
81012821
81116486
81092067
24012660
80199806
70014611
81292944
81035886
81382106
81409003
80156763
80117831
81074140
80202605
80993029
80122177
80151962
80106793
81010807
81382103
60001822
81387787
70043941
70140910
81143239
81382189
81259883
81382102
70302193
81320770
81348771
81422831
81346322
80058460
81446038
81232380
80109145
81328829
81409475
80017529
81343173
70020509
60027417
81408952
81264749
80108616
81409085
81295070
80244973
80214429
81393720
80192445
81409117
80991400
81382133
81026705
60024212
80200571
81092491
81150180
81231197
70019506
80106791
81409478
60027416
80157072
81034553
70005205
81277571
70222984
70305922
81409476
81409026
81414099
80191081
81013626
80037277
81409477
81179841
70254352
600346?t
81072979
81060149
70043240
70206131
81043135
80038162
70041161
70220028
80048061
80233925
81076114
81382195
81382208
81399298
80195654
81409152
81409140
80245104
70111566
81411379
81220944
80016588
80073188
70206672
80057972
70297814
80993331
70295581
81225962
81409030
81409479
81393386
80161640
80227090
80104167
80147988
60000061
81311782
81416772
70143241
80100937
80174451
70061893
80218656
81081656
81208104
81221656
510854?t
80010615
81409119
81409052
70042242
60002331
80065581
70001226
81457244
80160994
80210161
81409006
80226021
80104000
70307662
81183637
70035035
81457050
81399614
80141185
80013941
81409136
70101535
70141972
80121839
70269568
81206008
70142821
70004226
81457037
81092697
81064069
81457167
80173524
81002922
70045021
81408978
81276519
81409484
80118930
60027418
70271189
80195049
80099016
80168079
81192882
60001393
80134604
80235267
81012857
80244019
81382127
81128579
81409316
70128696
80085316
80242446
81354432
70309682
81093413
80061341
70058016
70028883
60027393
81457241
81074663
81522170
70025004
80230423
80223371
81284581
70035186
80097003
80010612
81408985
81409139
81409092
81522186
70025074
80167646
70100380
81252543
81412186
81409482
80235268
80207506
70228042
81211064
70100556
81370442
81153694
80105690
81409027
80994020
70202138
70001995
81346307
81085364
81046846
81346329
80191608
81497215
70202053
80151644
81409113
70291121
943427?t
80128722
81281882
81409505
80195740
60000929
81457227
81409433
60000901
80996790
80173176
81457058
70244164
81245546
81083545
81054980
81054981
81054979
80992365
80990344
81409404
80990341
80244709
80209006
80134516
81478031
60000417
81045007
81382148
81252403
60032294
81409518
80134420
81457247
81457243
80986886
81447581
70038184
60000207
81367507
80137868
81457214
80059456
81021528
60003016
80173606
80230507
81151926
81281320
80175147
81174182
80185070
81409318
81409272
81405364
81003416
81409321
81409600
81394939
80057578
80134517
81409713
60000005
81127997
80198419
505789?t
80117458
80061798
18171022
81018634
81043755
80153464
80202903
81147160
81392414
80057567
80200047
80013272
80182016
80173395
80104237
80238013
60027580
70155537
80217312
81409338
80242819
80048561
81196441
81044248
81504698
70275284
81038589
80216611
81408987
81408943
81024260
80245076
60000209
81520022
81457215
80091879
81016750
81088277
60031216
70049481
81409662
81210431
1192866?
81228331
81260314
81260313
81247536
81247535
81247537
81260315
81409238
81254340
81409695
80232040
81346323
81409434
81408972
80239666
81346196
81441798
81441799
81408957
70301279
81211714
60021325
81251335
80987553
81149207
81280470
81382116
81382115
81473656
81522172
70131314
80990327
81457030
80164874
70220030
81050375
81038598
70101531
81093122
70268489
81323993
81441801
70139555
70044379
81034018
70298250
81382122
81446612
81018383
80134603
70305903
70262640
81252928
81409485
80206420
70018513
70052492
70036200
70012316
81091957
81409033
80232892
80134721
70100382
80043744
81409056
81234000
70254521
81056131
81350337
80076698
80156857
81382111
81359795
81058435
81409101
81314957
70108793
81409698
80064511
81093420
70044686
80093104
80239831
70202336
81473628
81005364
81306406
81232437
70039180
81409086
80988834
60036253
81450437
80053610
80161371
81287844
81409697
81382145
81382137
81382156
81409704
80155477
81043346
80235578
81409700
81011712
81101795
81346330
81409706
70023960
60023619
81005258
80057691
80091741
60011597
80207495
70295564
70262639
81457060
70044693
70138789
81132038
81400497
81325861
81408963
81409736
80025414
80031666
70202147
80194950
81483895
81045481
81427455
80243917
80991050
81382104
81382105
60029085
80211749
80029437
80098467
60034587
81278481
81382166
81409074
80127516
81382168
80217120
80174177
70308063
81381736
81226955
70107517
81409691
81409083
70022450
81382206
81016247
81172898
80994666
81409702
70060017
81000201
81409685
70230639
80093133
80068327
70075479
81457036
81409149
80995799
81409040
81416735
80176212
80201490
81037593
81085815
70039168
81199052
80233408
81171040
80153231
81192938
81034012
834585?t
80009431
81332722
81193214
81208936
81248121
81409150
81037873
81409755
80117940
81522171
80081960
70049480
80109295
81035125
81035121
81035126
81035127
81035120
81035122
81035117
693960?t
80991034
81409287
70017716
80053558
80199689
80196047
80998174
81409309
81043703
81002875
81030855
80993655
17237018
80998890
81231988
80240085
81306416
81026439
81026437
81026434
81026438
81026436
80168300
70248985
80081374
70139387
70254975
81034317
80026238
70254955
81277555
60022959
81409683
70006100
80106735
81409737
80198644
80167460
80991031
70305949
81131714
60033290
81382088
81028285
80094318
81409330
81354629
60026155
60034568
70100379
70167070
81409538
70263185
81522181
70221487
81522184
80244276
81540347
81409717
81409740
60029153
81186240
80202273
81081603
80177441
70267242
70125231
81043474
81010969
81003981
80231468
81522174
70254970
81458377
80244680
81029841
80238204
80160759
80067830
80988896
81058433
81353947
81005201
81435227
70298414
81409731
81021804
81409753
80036402
70034612
81026188
81026181
80231917
81057326
81192959
81029733
70291093
80209024
80227754
81121682
81441921
60027420
80182115
81409015
80244679
81178339
70237095
81346325
80118002
5670449?
80127886
80230399
1072385?
70099113
81409682
80074906
80190990
81019338
81306407
80134527
81160045
81405357
81089353
70084780
70099614
80203147
81405354
81006825
81522187
81003425
70053453
80167647
81165326
81226572
81040397
70152216
60034571
81520021
60030316
80185876
80108182
81010139
81409671
81307032
80192187
80023019
81205388
81452597
81409670
81522169
81562326
81046796
70299855
70153859
70103763
80164399
70058026
81409141
70266675
80146759
70304189
80081410
80217544
80080359
60003243
80122209
81409667
81409668
81409678
70033401
81277544
81441917
60026152
80093107
81237753
81264235
81264422
1056189?
81131413
81441288
80102204
81274937
81446624
81005286
80209042
60022176
81232470
60034521
80174355
80174093
80199962
80233962
70254947
81382065
81382093
81382063
70056441
81002886
81192942
81023636
81266458
80991809
60020772
80202958
81149184
81522179
60002139
81043103
81313835
81409733
81079259
70102514
80172007
70181626
81427416
81408970
80167648
70081681
70295569
81213894
81409144
60000728
81386963
81403965
81232427
80191513
81149218
70105123
70266676
81037868
81520054
81294111
81555918
81555915
81555914
80169554
81409690
81282019
81382086
81283586
70227645
80168301
81427442
81067760
80048473
80045505
81232430
80020888
81028975
70113010
70115878
70206632
70202142
81342665
81035893
80209751
70127227
70142888
81277541
81409738
70256940
80148210
80226370
60034584
70117027
81382077
70060008
81149200
81409042
81382180
81409000
81411269
60010177
81415286
81382183
81254224
81037373
81382075
81021447
81409734
81274609
70290567
80133310
81408953
81263946
81006261
81382174
81232422
81232424
81232236
81409068
80160346
81409075
81351497
81382204
81457001
81382131
80039517
81019344
81409626
70109683
81409622
70060439
80149821
81409072
70020730
81409618
81409123
81079914
81410539
81382177
81424328
81409612
81002881
81336431
81382202
81452598
80211638
80096645
70028891
81019888
81382193
81111748
80152434
80085566
80011852
70077549
80198661
81422437
81038963
81382179
81382176
81393502
797261?t
80222042
81149213
80244645
80174434
80109341
70027007
81057229
81382143
80098711
81441842
81248748
81409493
70125553
81409496
70042218
81036190
81409080
70167077
60025063
70077161
70289949
81278719
70021656
80094721
80999977
80999729
70289302
80198975
80107219
81517242
81382070
81026819
81026818
80143556
80239608
60036164
70125931
81382120
81382112
81382118
81382113
81382185
81382117
60027706
70167081
81306405
81212801
80175798
81564981
81382078
81409031
80100648
70295172
81178338
70059029
70058011
81409472
81382101
70062568
81270667
81077494
80200961
81409471
80014852
81345983
80177834
70254959
80117542
81045475
81149217
81382084
70052262
81144153
81144912
81409430
1178866?
70025071
81408969
80231356
81133621
81409398
80073908
81193001
70118589
60001831
81303788
81507232
81418329
70129581
81409131
80236390
81409095
81409108
60024788
81409094
70026388
81409446
80236133
81382082
81044857
81044856
80063265
70042235
80134871
80018211
80081226
80244537
81387783
70257776
80169469
81035885
81382205
80189623
81409105
81409041
60011076
80022956
70254956
70160305
81382170
81409373
80091246
80082718
81408990
80134431
70158047
81090340
80179373
81351079
81382073
81382136
81555916
60001368
81382126
81342505
80126485
70299745
80036656
70022452
81382069
81332757
81000365
81382132
70058031
60036239
70230638
60022985
80242252
81039382
60036233
70119811
80170862
70240528
80173387
70079244
80023018
81382121
70126681
81149216
70299904
70271171
80099204
80145699
70084329
80237300
80208830
81382197
81150338
81003741
70128675
70254943
80144145
70041584
81309354
80071227
81382072
81457374
70144560
81220676
81424708
81361118
81409652
70103524
60029154
60028202
81262374
81409023
80025411
80214706
81036338
81184705
80031715
70218756
80044093
80113673
81026251
80217569
81346063
70126488
80092423
80005628
81021832
81409661
70299903
80087743
80080618
80093198
81194110
81002412
80174897
70262614
80117747
81409195
81409020
81149222
81058613
81413901
81382163
81392180
70254969
81010699
81062674
70058023
81409102
80138493
70058025
81441906
80202809
70295584
81408981
81409034
81409001
81409005
81408992
81336476
80235524
81006335
80999067
81162073
81021243
81162076
81162075
81162074
80999069
80999063
81335928
81128584
70171581
81382200
80226962
81232428
80103102
81457056
81211017
81001000
81382799
81258641
81382201
80075009
81171121
70037506
81409532
70045081
60022058
28631029
80109551
81409079
80168230
81382144
81409657
80208242
80135585
81113921
80173479
81382095
80041415
70098329
70113853
80223779
70257818
80007971
80211559
81036199
80158485
81116046
80226234
70028894
80199875
81441898
81292225
70054920
81035473
81035474
80096630
70101276
80108760
80134518
81158163
81409653
81408989
81408975
81411259
81411253
81016194
81409646
81409655
81183595
81141689
80204131
81312563
70011204
80011621
80117736
81146370
81054415
60020810
80166369
80192097
81005492
80241139
80098200
81264748
80048940
70273637
81409665
81005314
70228099
70011214
81408980
81094067
986399?t
81409106
81038588
80168029
81176235
60011511
80217121
70264801
81409654
80240589
80019588
81034980
80993328
81144150
81019031
80990349
80094648
70282126
80217006
81023713
70299274
81382142
80228322
80025410
80202920
81409659
70120167
81050191
80245041
80164877
80231321
81017017
81024153
81409648
81382190
81382187
60026834
81192978
80987562
81005209
80061799
81409120
80164212
80221741
973057?t
80160081
80023009
81283585
81382164
81428086
60032486
81160765
81043583
81148358
81020005
70045267
81409649
81232431
81409651
81409111
70044591
81409644
80239639
80046311
80158668
70293674
80153500
81486768
70242143
70047102
70117295
60034572
60020686
80241061
81207826
80103734
81078032
80210679
81012340
81409061
81254437
80212798
80242602
81320646
81483598
81382188
81161230
81192990
80165855
80232655
80078739
823131?t
81477162
70144645
70131315
70084801
81149226
81428189
81409375
81278727
81382207
81018455
81284392
81086997
80191526
70112740
80170259
81409060
80112368
81043343
81191406
81406319
81341214
80231419
81235969
81382192
80216758
80161921
60034561
80998968
81409036
81382157
81014008
81211264
81382171
81354554
81409022
81349306
81522178
81409640
80194608
80117531
80105067
81205738
81205737
60035683
81047680
81198897
60020823
70119812
60021593
81409125
80075598
81399204
80158247
60036359
81382198
70305906
70253160
60031248
60000870
60029681
81232457
70045862
70035184
70003226
81409124
81410784
81177241
81314070
81382128
80162993
81249503
70128699
81020508
81382085
80126569
80027980
70290909
80084830
80988832
21878564
70118402
60022575
81191195
70273256
80161029
70208104
81021831
70287290
70082643
81157385
81086887
70162962
70253165
80013891
81313227
81313229
80013790
70293105
70273613
80171733
80200044
81382130
80010204
70281356
70105903
80073823
81267359
81018183
81408988
80083753
81409631
80991827
81039384
70165466
81085934
80240715
80221016
81409091
80128715
70110883
81051688
81408998
70046290
70111323
80990342
81487903
81033516
80204470
81122408
80084765
80106138
80106035
81409628
80244782
80218306
80998296
81253737
81261676
80142058
81211846
81047512
80192834
81000511
81075461
80064516
81409708
81409037
81047904
80184055
80038442
81043742
70066771
80240550
81076586
80190911
70109473
70229183
70066353
80191047
80191044
80191051
80191045
80191046
80191050
80191048
80191049
81068703
70118287
81382173
81406357
80244470
80240537
81408986
81161626
60024908
81028990
80177782
80064459
81002196
81397545
81435732
81000864
80010625
891456?t
80176342
70047320
81346326
60029370
70017961
70017963
80209895
81286603
81018377
80104240
60000428
384406?t
80164778
70248986
80208802
81201048
81269716
70123124
80221109
70267729
81002893
70098157
80102952
70244168
80053700
81409633
70044593
70021634
70002022
80032081
81409623
70098886
70025055
81409635
81438165
80244708
80036398
81435729
81005279
80988988
80199682
1181488?
81005208
80132381
81409620
81016192
80083589
81232435
80025413
81522182
70118168
81020161
80188823
80226424
80115687
81409014
60024942
81194855
80204465
81108579
81520023
81513706
80168222
81409096
80005444
81382199
28630857
81296779
81350329
81214399
81409347
81040370
70108540
81050958
81050922
81409613
81409611
81409716
80217545
81213149
81408982
70019060
81410434
81306466
81409604
70106454
81409605
70112477
70035036
70286698
70011200
80223052
81223075
80221677
81276508
81409032
70229498
60023114
70303496
81351524
70244166
70273612
70113007
81370772
80092922
60028332
81362788
81408974
81409607
81409602
81073387
81409013
81520024
81128745
81303549
80133153
80991404
80049939
70295580
81140933
707114?t
80103312
81519381
80157797
81091424
81091423
80244429
80095314
60031292
80138166
81408955
80217495
81403970
80108325
70058019
81320168
80245357
70025038
80067522
80037761
80025412
81409134
81522175
81409598
81037598
80100054
81074673
80031800
81409597
81382178
81059918
81409594
60024775
70123711
80158685
18171082
80117684
70104310
60010769
81031178
81020839
81005453
81409355
80134514
81027190
80205645
81036520
81045720
80242378
80094622
81079723
81233997
81334946
81409586
80244855
81043104
81227047
81409035
60022700
80158577
80994011
70307653
81276049
81409088
81409587
70259171
81242571
81002464
81016191
80224060
80195897
70305929
81382182
80991025
81029736
81341216
81030842
81382151
81277610
70254953
80214236
81074110
80168167
80190859
70112999
80119349
81409146
81258543
80209120
80098288
81205993
81408999
80202532
81038599
70032594
81076251
70060508
70042271
80222823
81130691
80013274
81382296
81441867
81258692
80986885
70271205
80114501
81409585
81382068
81223599
81240764
80163050
80118101
80142615
70184051
70254952
81418144
70005208
81409073
81179778
81409057
70271486
81300126
70295579
80091936
81092909
80997613
70258366
70240510
80162197
81056195
81382141
80990328
81441864
81409584
80997602
70259170
81409591
81242205
80127990
70082979
81117554
70202146
81409506
70243464
81564228
21304015
81005281
81005280
70087535
81210670
70271203
81405383
70053831
70295570
81031939
81110383
80175421
81025595
81221835
81002887
81490650
70071613
80200642
81409359
70077542
81388045
81149049
70057651
81005211
81070890
80205256
81483977
81540349
80144455
80168227
70295061
70139076
81068687
81435734
80134501
70101697
81409546
60003261
60002782
70119457
81002270
70229640
81043660
70254973
81409500
81342504
81409504
80223271
80186829
81093113
80988892
70054774
80172958
70107404
81418302
80019595
80101436
70197438
81444717
81020106
80991313
81522180
81409028
81073643
18171073
80103373
80208662
80237905
624420?t
81262270
81084350
80242926
81409112
70293672
80005543
60025115
81362863
70019062
793679?t
70006124
81033086
81128934
81447216
81344378
80226040
81002883
80224055
81477070
81004748
80158854
81016408
81226736
81089361
81409542
81397313
80097355
81184731
80177776
81409527
80224106
80011848
81424207
81398907
81051689
80171247
80237006
80118063
80049951
81408702
70005207
80119233
80198056
81033430
70240551
80242619
1153337?
60002082
81049260
81191053
80175694
81200204
81076113
80182473
70117580
70021641
80993105
70240568
81116576
81104904
81038410
81292901
81041495
70102569
1181606?
773843?t
81149224
81073590
81409503
81232412
771476?t
70155534
80173001
81346827
70044595
81121351
70042283
81144852
81441858
81409561
80198859
80201175
81165769
81183762
605976?t
81428195
81439253
70014613
70014612
60024179
81408984
81281872
80994277
80013762
81009646
80192646
81161789
81092221
80027158
80230534
80179831
81280843
81312802
81426972
80106762
80191512
80103408
80130510
80141858
81193032
70140922
70243455
80991406
70021659
70083113
81381727
81006858
81193140
80227574
70272742
60001220
80101314
70155579
80065492
80139562
60004477
80033394
80098202
80087548
81040344
80057506
60020332
80178943
80057134
81076952
81044417
70180051
81409534
70307658
81210234
80018987
70044882
80141172
70021637
70284278
81121906
70243449
80174364
80232043
70120612
80039394
81287545
80117803
81074666
81149450
70155547
70021664
80996811
80174608
80236314
81253859
70127226
80144140
81008305
80991133
70104316
70226288
81173658
80116922
81273085
81073764
70119441
80026226
81015514
81423622
81002370
662463?t
80071348
80113037
80186475
80062112
80203144
70130445
60023597
81347579
80991041
70173048
80002479
81025696
80204927
80025494
16944044
80211576
80216756
80038359
70021636
80171705
70264888
80995819
80000644
60011205
80115338
70075480
80040118
70068539
70126574
70092283
81228573
70241791
81208524
81021116
80216200
80023612
80242531
81091393
70253397
70153388
81275353
80164088
80175351
80063153
80101096
81154166
81142848
81100767
80074249
80191008
60031236
80027563
80097608
80221553
80125778
70216224
80992228
80203597
80161728
81329721
70278879
80187223
80183187
80232279
81009946
80244340
81312457
70090336
81241002
80180171
80174285
80234451
80238106
80082160
81516765
80106136
60034386
80219119
81180561
70005379
81133094
70099116
70033005
70305217
80018988
80241239
81203335
80240371
80220541
80109399
80059328
81427849
70113003
81392166
81159258
80233218
80179782
80057609
60027106
81264650
80115341
81212136
80015346
80231373
80241318
80189632
80988894
70299043
81273728
80063599
80209096
80178720
70303428
60000171
60036750
80192098
81305952
60010559
81147421
80991755
70282170
81237994
81280998
81354739
70302573
81039388
81186615
80180600
80186926
81435649
80189685
81090319
80057918
80164216
80996601
81422765
80994082
81443738
80008583
81445141
80057969
81286996
80991329
81522189
80163222
81280792
81121910
70032593
81020104
70125348
80097248
81346087
70142827
80005772
80191746
81022683
81232453
80107369
81002874
81486556
60020917
70295415
70243420
80093829
81093101
80104198
81050118
80991326
81473701
80095649
70205672
80244283
60023642
80994900
81488216
70278933
81435684
81190041
70281343
70142405
81040639
81319170
81280732
81231351
80182219
80988835
81086631
70252973
80243216
70286808
80113201
70103759
70218316
80991060
70243679
81304528
70195800
81465708
70281532
70234440
80239482
80165221
81397437
80133493
81277430
80241180
80177458
80220644
80211492
70283264
81540458
81128389
70250213
81031682
80192171
80164456
80167481
80025273
80156387
80050008
80214792
81086524
70143830
70294800
81224811
81019938
70219484
81048914
80057171
60031274
81028870
81564229
80184682
81008142
70021644
70275600
80058427
80206326
81102814
80026506
80201451
60036227
60033326
81382114
81081050
80177770
80007757
80179905
70287700
70177689
81397020
80227995
81348951
80027159
70177028
70204995
81510180
81026142
80047616
80044965
80049832
81404946
80049870
80063705
81123055
81058385
80179784
81170838
70206898
80217957
80117560
372203?t
70252898
80153467
80243473
80083476
80027564
70180293
70140450
81080942
81267200
80179138
80134695
80239306
81063145
81459931
80184067
81193309
81427749
70286901
81099996
81166770
80144408
80135674
81193152
81059451
70142436
80045933
81416349
81521943
80016438
70288470
80235214
70258566
81056491
80025919
81002879
80057281
80191075
80179190
60000521
70300626
80213643
81295007
80000139
81002746
80244783
81233999
70041961
81011211
81004268
70259784
81248072
81409572
70177034
70221348
80223928
81003393
81083626
81005287
80233258
80211623
80134440
80050007
81033141
81344370
70136120
80213025
81284726
80231658
81380440
81174879
80217517
80124711
80095900
80080545
81092958
81275940
80191362
80993017
70228101
80051137
81457213
80225085
80108373
70271959
81446265
81145024
81328827
81267360
70201437
80058852
81192594
80114855
80153230
